001001001000000000000000000000000000000000000000000000000000000000000
000001001000001100000010000000000010000000000000000000000000000000000
000010000110000000000001000000000011011000000000000000011110000000000
000010000110000000000001000000000011011000000000000000011110100000000
001101010000000000000000000000000000000000000000000000000000000000000
000001001000001100000010000000000010000000001000000000000000000000000
000010000110000000000001000000000011011000000000100000011111000000000
000010000110000000000001000000000011011000000000100000011111100000000
000001110110000000000010000000000100000000011000000000000000000000000
000001001000001100000010000000000010000000010000000000000000000000000
000001100101000001000000011000000000000001000001001110000000000000000
000001100101000001000000011000000000000001000001001110000000000000000
000001001000000010000000000001000011000000000000000000000000000000000
000001001000001100000000100000000010000000000000000000000000000000000
000001001000001000000001000000000000101000000000100000000000000000000
000001110010000000000001000000000000000000000000000000000000000000000
000101000000000000000000000000000000000000000111000000000000000000000
000101000100000000000000000000000000000000000110000000000000000000000
010010000110000010001000000000000000000000000000000000011101000000000
010010000110000010001000000000000000000000000000000000011101000000000
000001001000001010001000000001001011000000000000000000000000000000000
000001001000001010001000000001001000110000000000100000000000000000000
000001001000000010000000000001000000100000000000100000000000000000000
000010001100001000000000000010010100000010000000000000000000000000000
001111001000000000000000000000000000000000000000000000000000000011000
000010100000001000010000000010010100000000000000000000000000000000000
000001100101000001000000011000000000000001000001001010000000000000000
001011000000000000000000000000000000000000000000000000000000000000100
000101110001001000001000000000001000000000000101000000000000000000000
000101110101000000000000000000000000000000000101000000000000000000000
000001001000000010000100000000100000000000000001000000000000000000000
000010001000000010000100000000100000000000000001000000000000000000000
100000000000010000000000000000000000000000000000000000000000000000000
000101100000000000000000000000000000000000000000000000000000000000010
000010010010001000000000000010010100000010000000000000000000000000000
000001001000001000100000000010010100000110000000000000000000000000000
000110010001000000000000000000000000000000000101000000000000000000000
000110010101000000000000000000000000000000000101000000000000000000000
000001011100000101000100000000000000000000100001000000000000000000000
000010000000100000000100000000000000000000000001000000000000000000000
000010100110001000000000000010010100000100000000000000000000000000000
000110100100000000000000000000000000000000000111000000000000000000000
000010110001000000000000000100000000000000000001000000000000000000000
000010101010001000000000000010010100000100000000000000000000000000000
000110110000000000000000000000000000000000000111000000000000000000000
000110110101000000000000000000000000000000000101000000000000000000000
000010110110000000000000000000000000000000000000000001000000000000000
000001001000000010000100000000100000000000000001000000000000000000000
000001100101000001000000011000000000000001000001000010000000000000000
000001100101000001000000011000000000000001000001000110000000000000000
100000000000000000000000000000000000000000000000010000000000000000000
000011010110000000000000000000000000000000000000000000000000010100000
000111010000000000000000000000000000000000000111000000000000000000000
000111010101000000000000000000000000000000000101000000000000000000000
000011001010000000000000000000000000000000000000000000000000001000000
000001101100000000000000000000000000000000000000000000100000000000001
000001000001000000000010000000000000000000011001000000000000000000000
000111100101000000000000000000000000000000000101000000000000000000000
000000000000000000000000000000000000000000000000000000000000000000000
000001001000001100000100000000000000000000000001000000000000000000000
000001000101000000000010000000000000000000011000000000000000000000000
000111110101000000000000000000000000000000000100000000000000000000000
000000000000000000000000000000000000000000000000000000000000000000000
000001001000001100000100000000000000000000000000000000000000000000000
