0010010010000000000000000000000000000000000000000000000000
0000010010000011000000000010000000000001000000000000000000
0000011011100000000110000001000000000001101100000000000000
0000011011100000000110000001000000000001101100000000000000
0011010100000000000000000000000000000000000000000000000000
0000010010000011000000000010000000000001000000000000100000
0000011011100000000110000001000000000001101100100000000010
0000011011100000000110000001000000000001101100100000000010
0000011101100000000000000010000000000010000000000001100000
0000010010000011000000000010000000000001000000000001000000
0000011001010000010001000000011000000000000000010100000100
0000011001010000010001000000011000000000000000010100000100
0000010010000000100000000000000000100001100000000000000000
0000010010000011000000000000100000000001000000000000000000
0000010010000010000000000001000000000000010100000000000010
0000011100100000000000000001000000000000000000000000000000
0001010000000000000000000000000000000000000000000000011100
0001010001000000000000000000000000000000000000000000011000
0100100001100000100000001000000000000000000000000000000000
0100100001100000100000001000000000000000000000000000000000
0000010010000010100000001000000000100101100000000000000000
0000010010000010100000001000000000100100011000000000000010
0000010010000000100000000000000000100000010000000000000010
1000000000000000000000000000000000000000000000000000000001
0101010111000000000000000000000000000000000000000000000000
0000101000000010000000010000000001001010000000000000000000
0000000000000000000000000000000000000000000000000000000000
0000011000000000001000000000000000000000000000000000000000
0001011100010010000000001000000000000100000000000000010100
0001011101010000000000000000000000000000000000000000010100
0000010010000000100000000100000000010000000000000000000100
0000100010000000100000000100000000010000000000000000000100
1000000000000100000000000000000000000000000000000000000000
0001100001010000000000000000000000000000000000000000010100
0000100100100010000000000000000001001010000001000000000000
0000100000001000000000000100000000000000000000000000000100
0001100100010000000000000000000000000000000000000000010100
0000100111000010000000000000000001001010000001000000000000
0000100101000001010000000100000000000000000000001000000100
0000010010000010000000100000000001001010000011000000000000
0000101001100010000000000000000001001010000010000000000000
0001101001000000000000000000000000000000000000000000011100
0000101100010000000000000000000010000000000000000000000100
0000101010100010000000000000000001001010000010000000000000
0001101100000000000000000000000000000000000000000000011100
0001101101010000000000000000000000000000000000000000010100
0000101101100000000000000000000100000000000000000000000000
0000010010000000100000000100000000010000000000000000000100
0000000000000000000000000000000000000000000000000000000000
0000011001010000010001000000011000000000000000010010000100
0000000000000000000000000000000000000000000000000000000000
0000000000000000000000000000000000000000000000000000000000
0000000000000000000000000000000000000000000000000000000000
0000000000000000000000000000000000000000000000000000000000
0000000000000000000000000000000000000000000000000000000000
0000011001010000010001000000011000000000000000010000000100
0000010000010000000000000010000000000000000000000001100100
0001111001010000000000000000000000000000000000000000010100
0000000000000000000000000000000000000000000000000000000000
0000010010000011000000000100000000000000000000000000000100
0000010001010000000000000010000000000000000000000001100000
0001111101010000000000000000000000000000000000000000010000
0000000000000000000000000000000000000000000000000000000000
0000010010000011000000000100000000000000000000000000000000
